# Blender v2.70 (sub 0) OBJ File 'coin.blend'
# www.blender.org
mtllib coin8.mtl
o Circle
v 0.000000 -0.059574 -1.000000
v -0.195090 -0.059574 -0.980785
v -0.382683 -0.059574 -0.923880
v -0.555570 -0.059574 -0.831470
v -0.707107 -0.059574 -0.707107
v -0.831470 -0.059574 -0.555570
v -0.923880 -0.059574 -0.382683
v -0.980785 -0.059574 -0.195090
v -1.000000 -0.059574 -0.000000
v -0.980785 -0.059574 0.195090
v -0.923880 -0.059574 0.382683
v -0.831470 -0.059574 0.555570
v -0.707107 -0.059574 0.707107
v -0.555570 -0.059574 0.831470
v -0.382683 -0.059574 0.923880
v -0.195090 -0.059574 0.980785
v 0.000000 -0.059574 1.000000
v 0.195091 -0.059574 0.980785
v 0.382684 -0.059574 0.923879
v 0.555571 -0.059574 0.831469
v 0.707107 -0.059574 0.707106
v 0.831470 -0.059574 0.555570
v 0.923880 -0.059574 0.382683
v 0.980785 -0.059574 0.195089
v 1.000000 -0.059574 -0.000001
v 0.980785 -0.059574 -0.195091
v 0.923879 -0.059574 -0.382684
v 0.831469 -0.059574 -0.555571
v 0.707106 -0.059574 -0.707108
v 0.555569 -0.059574 -0.831470
v 0.382682 -0.059574 -0.923880
v 0.195089 -0.059574 -0.980786
v 0.000000 0.042556 -1.000000
v -0.195090 0.042556 -0.980785
v -0.382683 0.042556 -0.923880
v -0.555570 0.042556 -0.831470
v -0.707107 0.042556 -0.707107
v -0.831470 0.042556 -0.555570
v -0.923880 0.042556 -0.382683
v -0.980785 0.042556 -0.195090
v -1.000000 0.042556 -0.000000
v -0.980785 0.042556 0.195090
v -0.923880 0.042556 0.382683
v -0.831470 0.042556 0.555570
v -0.707107 0.042556 0.707107
v -0.555570 0.042556 0.831470
v -0.382683 0.042556 0.923880
v -0.195090 0.042556 0.980785
v 0.000000 0.042556 1.000000
v 0.195091 0.042556 0.980785
v 0.382684 0.042556 0.923879
v 0.555571 0.042556 0.831469
v 0.707107 0.042556 0.707106
v 0.831470 0.042556 0.555570
v 0.923880 0.042556 0.382683
v 0.980785 0.042556 0.195089
v 1.000000 0.042556 -0.000001
v 0.980785 0.042556 -0.195091
v 0.923879 0.042556 -0.382684
v 0.831469 0.042556 -0.555571
v 0.707106 0.042556 -0.707108
v 0.555569 0.042556 -0.831470
v 0.382682 0.042556 -0.923880
v 0.195089 0.042556 -0.980786
v 0.000000 0.042556 -0.000001
v 0.000000 -0.059574 -0.000001
vt 0.639713 0.497022
vt 0.741072 0.119711
vt 0.769795 0.174419
vt 0.241633 0.491308
vt 0.068631 0.647236
vt 0.059280 0.563238
vt 0.710013 0.021176
vt 0.679606 0.021143
vt 0.679622 0.004413
vt 0.710028 0.004446
vt 0.070847 0.021410
vt 0.040377 0.021469
vt 0.040347 0.004705
vt 0.070818 0.004646
vt 0.405845 0.020945
vt 0.375410 0.020950
vt 0.375406 0.004202
vt 0.405845 0.004199
vt 0.770824 0.021238
vt 0.740418 0.021207
vt 0.740434 0.004478
vt 0.770839 0.004509
vt 0.466703 0.020958
vt 0.436276 0.020948
vt 0.436279 0.004205
vt 0.466710 0.004217
vt 0.131785 0.021290
vt 0.101317 0.021350
vt 0.101287 0.004586
vt 0.131756 0.004527
vt 0.831633 0.021297
vt 0.801229 0.021268
vt 0.801243 0.004539
vt 0.831647 0.004569
vt 0.527546 0.020995
vt 0.497126 0.020974
vt 0.497136 0.004235
vt 0.527558 0.004258
vt 0.192715 0.021171
vt 0.162251 0.021230
vt 0.162222 0.004468
vt 0.192687 0.004411
vt 0.892438 0.021354
vt 0.862036 0.021325
vt 0.862050 0.004598
vt 0.892453 0.004627
vt 0.588377 0.021048
vt 0.557963 0.021020
vt 0.557977 0.004285
vt 0.588392 0.004315
vt 0.253629 0.021067
vt 0.223174 0.021116
vt 0.223149 0.004358
vt 0.253607 0.004311
vt 0.618789 0.021079
vt 0.618804 0.004347
vt 0.953240 0.021411
vt 0.922840 0.021382
vt 0.922854 0.004656
vt 0.953255 0.004685
vt 0.314528 0.020989
vt 0.284080 0.021024
vt 0.284062 0.004270
vt 0.314513 0.004237
vt 0.649198 0.021111
vt 0.649214 0.004380
vt 0.009906 0.021529
vt 0.009877 0.004764
vt 0.344971 0.020964
vt 0.344962 0.004214
vt 0.983641 0.021440
vt 0.983655 0.004714
vt 0.423985 0.419376
vt 0.426329 0.506139
vt 0.211662 0.053662
vt 0.247812 0.048038
vt 0.056937 0.476476
vt 0.421574 0.592331
vt 0.409905 0.674642
vt 0.391768 0.749907
vt 0.367863 0.815234
vt 0.339106 0.868113
vt 0.271604 0.928953
vt 0.306603 0.906511
vt 0.235453 0.934577
vt 0.414634 0.335378
vt 0.376602 0.188356
vt 0.398635 0.257372
vt 0.349382 0.130982
vt 0.318022 0.087456
vt 0.283726 0.059449
vt 0.176662 0.076105
vt 0.144160 0.114503
vt 0.115403 0.167381
vt 0.091497 0.232708
vt 0.073361 0.307973
vt 0.061692 0.390283
vt 0.084630 0.725243
vt 0.106663 0.794259
vt 0.133883 0.851632
vt 0.165243 0.895159
vt 0.199539 0.923166
vt 0.565307 0.085135
vt 0.600218 0.058212
vt 0.570973 0.914541
vt 0.538354 0.874333
vt 0.826742 0.489663
vt 0.823747 0.577374
vt 0.452684 0.504380
vt 0.455679 0.416668
vt 0.796926 0.740282
vt 0.774131 0.809217
vt 0.636647 0.048151
vt 0.673194 0.055341
vt 0.509631 0.819625
vt 0.482500 0.253761
vt 0.505296 0.184825
vt 0.679208 0.935832
vt 0.642779 0.945893
vt 0.708454 0.079503
vt 0.793519 0.241524
vt 0.811332 0.318448
vt 0.822550 0.402234
vt 0.813679 0.661998
vt 0.746171 0.866155
vt 0.714119 0.908908
vt 0.606233 0.938704
vt 0.485907 0.752519
vt 0.468094 0.675595
vt 0.456875 0.591809
vt 0.465747 0.332044
vt 0.533256 0.127888
usemtl Spite_mat
s off
f 661 142 133
f 654 405 416
f 297 308 629 6110
f 1811 1912 5113 5014
f 715 816 4017 3918
f 2719 2820 6021 5922
f 523 624 3825 3726
f 1627 1728 4929 4830
f 2531 2632 5833 5734
f 335 436 3637 3538
f 1439 1540 4741 4642
f 2343 2444 5645 5546
f 147 248 3449 3350
f 1251 1352 4553 4454
f 3255 147 3350 6456
f 2157 2258 5459 5360
f 1061 1162 4363 4264
f 308 3165 6366 629
f 1912 2067 5268 5113
f 816 969 4170 4017
f 2820 297 6110 6021
f 1728 1811 5014 4929
f 624 715 3918 3825
f 2632 2719 5922 5833
f 436 523 3726 3637
f 1540 1627 4830 4741
f 2444 2531 5734 5645
f 248 335 3538 3449
f 1352 1439 4642 4553
f 2258 2343 5546 5459
f 1162 1251 4454 4363
f 3165 3255 6456 6366
f 2071 2157 5360 5272
f 969 1061 4264 4170
f 654 5773 5874
f 654 4975 5076
f 654 416 4277
f 654 5874 5978
f 654 5978 6079
f 654 6079 6180
f 654 6180 6281
f 654 6281 6382
f 3383 654 6382 6484
f 3383 3485 654
f 5773 654 5686
f 654 5487 5588
f 5686 654 5588
f 5487 654 5389
f 5389 654 5290
f 5290 654 5191
f 5191 654 5076
f 4975 654 4892
f 4892 654 4793
f 4793 654 4694
f 4694 654 4595
f 4595 654 4496
f 4496 654 4397
f 4397 654 4277
f 654 3998 405
f 654 3899 3998
f 654 37100 3899
f 654 36101 37100
f 35102 36101 654
f 3485 35102 654
f 661 19103 18104
f 31105 30106 661
f 661 9107 8108
f 661 25109 24110
f 661 6111 5112
f 661 17113 16114
f 661 30106 29115
f 661 22116 21117
f 2118 1119 661
f 661 16114 15120
f 142 661 15120
f 661 133 12121
f 661 12121 11122
f 661 11122 10123
f 9107 661 10123
f 661 8108 7124
f 6111 661 7124
f 661 5112 4125
f 3126 661 4125
f 3126 2118 661
f 1119 32127 661
f 32127 31105 661
f 661 29115 28128
f 661 28128 27129
f 25109 661 26130
f 26130 661 27129
f 661 24110 23131
f 22116 661 23131
f 661 21117 20132
f 19103 661 20132
f 17113 661 18104
l 64 65
